attack_strength   :   0     auc    :    0.8312803622484711
attack_strength   :   0     auc    :    0.8312803622484711
